00000000000000000000000000000000
00000000000000000000000000000000
00000000000000000000000000000000
00000000000000000000000000000000
00000000000111111000000000000000
00000000001111111100000000000000
00000000001111111100000000000000
00000000001111111110000000000000
00000000001111111111000000000000
00000000001111101111000000000000
00000000001111100111100000000000
00000000001111100011110000000000
00000000001111100011110000000000
00000000001111100001111000000000
00000000001111100001111100000000
00000000001111100000111100000000
00000000001111100000011110000000
00000000001111100000011111000000
00000000011111110000011111000000
00000001111111111111111111000000
00000001111111111111111111000000
00000001111111111111111111000000
00000000001111100000000000000000
00000000001111100000000000000000
00000000001111100000000000000000
00000000001111100000000000000000
00000000001111100000000000000000
00000000000000000000000000000000
00000000000000000000000000000000
00000000000000000000000000000000
00000000000000000000000000000000
00000000000000000000000000000000

