00000000000000000000000000000000
00000000000000000000000000000000
00000000000000000000000000000000
00000000000000000000000000000000
00000000000000000000000000000000
00000000000000000000000000000000
00000000000011111111100000000000
00000000000111111111110000000000
00000000001110000001111000000000
00000000011100000000111100000000
00000000011100000000011100000000
00000000011100000000111000000000
00000000001110000000111000000000
00000000001111000001110000000000
00000000000111111111100000000000
00000000000001111110000000000000
00000000000011111111100000000000
00000000001111100011111000000000
00000000011110000000111100000000
00000000011100000000011100000000
00000000111100000000011110000000
00000000111000000000011100000000
00000000111100000000011100000000
00000000011110000000111100000000
00000000001111111111111000000000
00000000000011111111100000000000
00000000000000000000000000000000
00000000000000000000000000000000
00000000000000000000000000000000
00000000000000000000000000000000
00000000000000000000000000000000
00000000000000000000000000000000

