00000000000000000000000000000000
00000000000000000000000000000000
00000000000000000000000000000000
00000000000000111111100000000000
00000000000000111111110000000000
00000000000000111111111100000000
00000000000000111111111111000000
00000000000000111111111111100000
00000000000000111111101111100000
00000000000000111111100011100000
00000000000000111111100000000000
00000000000000111111100000000000
00000000000000111111100000000000
00000000000000111111100000000000
00000000000000111111100000000000
00000000000000111111100000000000
00000000000000111111100000000000
00000000000000111111100000000000
00000000000000111111100000000000
00000000000000111111100000000000
00000000000000111111100000000000
00000000000000111111100000000000
00000000000000111111100000000000
00000000000000111111100000000000
00000000000000111111100000000000
00000000011111111111111111000000
00000000011111111111111111100000
00000000011111111111111111100000
00000000011111111111111111000000
00000000000000000000000000000000
00000000000000000000000000000000
00000000000000000000000000000000


