00000000000000000000000000000000
00000000000000000000000000000000
00000000000000000000000000000000
00000000000011111110000000000000
00000000000111111111110000000000
00000000000111111111111000000000
00000000000111111111111100000000
00000000000100000011111100000000
00000000000000000000111100000000
00000000000000000000011110000000
00000000000000000000011110000000
00000000000000000000001110000000
00000000000001111110001110000000
00000000000111111111111110000000
00000000001111111111111110000000
00000000001111100000111110000000
00000000011111000000001110000000
00000000011111000000001110000000
00000000011111000000001110000000
00000000011111000000001110000000
00000000011111000000011110000000
00000000001111000000011110000000
00000000001111110000111110000000
00000000000111111111111100000000
00000000000111111111111100000000
00000000000011111111111100000000
00000000000000000000000000000000
00000000000000000000000000000000
00000000000000000000000000000000
00000000000000000000000000000000
00000000000000000000000000000000
00000000000000000000000000000000

