00000000000000000000000000000000
00000000000000000000000000000000
00000000000000000000000000000000
00000000000000000000000000000000
00000000000000000000000000000000
00000000000000000000000000000000
00000000000001111111000000000000
00000000000111111111100000000000
00000000000111000011110000000000
00000000001110000001111000000000
00000000001100000000111000000000
00000000011100000000111000000000
00000000011100000000111100000000
00000000011100000000011100000000
00000000011100000000011100000000
00000000011100000000011100000000
00000000011100000000011100000000
00000000011100000000011100000000
00000000011100000000011100000000
00000000011100000000011100000000
00000000011100000000111000000000
00000000011100000000111000000000
00000000001110000000111000000000
00000000001110000001110000000000
00000000000111111111100000000000
00000000000011111111000000000000
00000000000000111000000000000000
00000000000000000000000000000000
00000000000000000000000000000000
00000000000000000000000000000000
00000000000000000000000000000000
00000000000000000000000000000000

